 "Temperature of Station 49(rday, Tmean, Tmax, Tmin)"
   1   5.580   9.890   1.269
   2   4.896  13.190  -3.397
   3   7.677  17.310  -1.956
   4   8.593  19.190  -2.004
   5   8.856  16.970   0.742
   6   7.432  18.120  -3.256
   7  11.029  17.370   4.688
   8   5.832  11.260   0.403
   9   6.136  14.130  -1.858
  10   3.485  10.700  -3.729
  11   5.984  11.870   0.098
  12   5.304  15.270  -4.662
  13   8.312  20.050  -3.425
  14   6.709  13.350   0.067
  15   4.806  10.160  -0.547
  16   6.506  16.570  -3.557
  17   9.733  20.980  -1.513
  18  11.295  21.280   1.309
  19   7.833  17.760  -2.094
  20   1.190   6.281  -3.902
  21   5.491  15.510  -4.527
  22  10.635  21.080   0.190
  23   7.922  12.940   2.905
  24   4.087  10.290  -2.117
  25   7.630  18.210  -2.950
  26  11.331  20.280   2.382
  27   5.423  13.470  -2.625
  28   6.684  18.110  -4.742
  29   9.554  22.160  -3.053
  30  17.274  28.570   5.977
  31  17.425  25.360   9.490
  32  10.892  19.240   2.544
  33   5.580  13.650  -2.489
  34  10.354  22.390  -1.681
  35  14.924  24.780   5.067
  36  17.070  26.890   7.250
  37   9.554  17.240   1.869
  38   4.898  14.190  -4.395
  39   7.770  19.370  -3.830
  40  15.483  24.550   6.416
  41  14.229  24.500   3.958
  42  14.946  25.280   4.612
  43  19.130  26.990  11.270
  44  15.620  24.760   6.480
  45  14.108  25.030   3.186
  46  14.667  25.920   3.413
  47  15.980  22.950   9.010
  48  13.190  19.370   7.010
  49  15.510  22.700   8.320
  50  16.230  22.610   9.850
  51  16.300  24.690   7.910
  52  17.040  24.260   9.820
  53   9.734  15.680   3.788
  54   8.393  14.640   2.146
  55  12.928  20.960   4.897
  56  13.888  24.320   3.456
  57  15.608  24.970   6.247
  58  14.273  24.650   3.897
  59  17.185  25.590   8.780
  60  14.204  25.130   3.279
  61   6.617  13.200   0.034
  62   6.411  14.830  -2.009
  63   7.327  10.830   3.825
  64  11.188  21.210   1.166
  65  17.815  27.850   7.780
  66  19.880  30.650   9.110
  67  21.465  29.890  13.040
  68  19.140  27.020  11.260
  69  16.600  25.230   7.970
  70  20.990  29.550  12.430
  71  19.470  25.790  13.150
  72  17.375  27.260   7.490
  73  12.017  20.580   3.455
  74  13.434  23.850   3.018
  75  17.085  25.200   8.970
  76  14.072  23.010   5.134
  77  16.308  27.110   5.505
  78  20.300  29.640  10.960
  79  21.060  27.420  14.700
  80  18.030  26.450   9.610
  81  17.633  29.540   5.726
  82  21.550  32.110  10.990
  83  22.300  31.010  13.590
  84  21.050  29.360  12.740
  85  16.795  23.880   9.710
  86  16.101  28.590   3.611
  87  21.500  31.240  11.760
  88  25.265  34.390  16.140
  89  23.605  32.980  14.230
  90  22.310  33.060  11.560
  91  21.060  32.240   9.880
  92  23.075  33.080  13.070
  93  22.575  31.640  13.510
  94  23.205  32.610  13.800
  95  23.570  33.960  13.180
  96  25.180  36.390  13.970
  97  28.545  39.150  17.940
  98  29.720  39.130  20.310
  99  28.775  37.880  19.670
 100  28.540  37.270  19.810
 101  26.995  38.050  15.940
 102  25.955  36.020  15.890
 103  24.335  33.000  15.670
 104  22.530  30.040  15.020
 105  18.990  28.730   9.250
 106  20.360  30.700  10.020
 107  22.525  32.980  12.070
 108  26.335  34.900  17.770
 109  23.420  35.080  11.760
 110  25.115  36.390  13.840
 111  27.225  37.000  17.450
 112  26.125  37.290  14.960
 113  26.000  36.560  15.440
 114  27.415  37.140  17.690
 115  26.240  37.070  15.410
 116  26.110  35.750  16.470
 117  26.030  35.150  16.910
 118  23.880  33.320  14.440
 119  25.075  34.250  15.900
 120  22.850  31.640  14.060
 121  21.585  30.040  13.130
 122  23.385  30.270  16.500
 123  23.970  31.240  16.700
 124  25.465  32.520  18.410
 125  25.855  31.670  20.040
 126  23.650  34.200  13.100
 127  23.125  33.030  13.220
 128  24.500  35.090  13.910
 129  25.015  32.720  17.310
 130  22.820  29.370  16.270
 131  25.155  32.440  17.870
 132  25.205  34.150  16.260
 133  25.375  32.140  18.610
 134  27.030  36.180  17.880
 135  28.440  38.180  18.700
 136  28.615  37.150  20.080
 137  28.840  37.410  20.270
 138  26.765  34.460  19.070
 139  26.765  35.890  17.640
 140  29.895  38.010  21.780
 141  30.155  39.870  20.440
 142  29.200  38.250  20.150
 143  27.145  36.850  17.440
 144  25.415  34.090  16.740
 145  24.725  32.480  16.970
 146  22.185  27.490  16.880
 147  20.775  24.280  17.270
 148  22.320  28.290  16.350
 149  23.440  31.100  15.780
 150  25.605  32.640  18.570
 151  23.445  29.740  17.150
 152  25.240  31.480  19.000
 153  24.680  30.970  18.390
 154  23.395  29.550  17.240
 155  24.650  32.010  17.290
 156  23.660  32.180  15.140
 157  24.400  33.800  15.000
 158  25.820  34.230  17.410
 159  23.605  33.670  13.540
 160  26.050  34.460  17.640
 161  23.125  30.840  15.410
 162  23.970  32.740  15.200
 163  25.180  34.690  15.670
 164  27.090  36.730  17.450
 165  27.845  35.820  19.870
 166  26.350  35.790  16.910
 167  28.005  37.300  18.710
 168  26.655  35.900  17.410
 169  22.785  28.720  16.850
 170  25.535  33.700  17.370
 171  25.990  34.380  17.600
 172  25.650  34.630  16.670
 173  25.580  34.730  16.430
 174  24.175  33.980  14.370
 175  26.865  34.430  19.300
 176  25.605  34.910  16.300
 177  21.420  26.500  16.340
 178  21.655  29.670  13.640
 179  21.925  30.980  12.870
 180  22.165  30.940  13.390
 181  23.460  30.450  16.470
 182  23.280  32.350  14.210
 183  24.460  30.910  18.010
 184  24.795  32.280  17.310
 185  25.005  33.530  16.480
 186  24.035  33.870  14.200
 187  23.255  30.770  15.740
 188  24.835  32.960  16.710
 189  26.825  34.300  19.350
 190  25.385  33.500  17.270
 191  24.115  33.260  14.970
 192  25.135  31.580  18.690
 193  24.460  31.610  17.310
 194  20.430  29.390  11.470
 195  19.145  30.640   7.650
 196  21.880  31.940  11.820
 197  25.560  32.550  18.570
 198  23.595  31.310  15.880
 199  24.890  33.800  15.980
 200  23.985  34.130  13.840
 201  24.145  32.180  16.110
 202  25.385  33.730  17.040
 203  24.640  32.410  16.870
 204  23.865  30.600  17.130
 205  24.350  32.800  15.900
 206  19.305  23.440  15.170
 207  19.670  26.810  12.530
 208  18.395  27.890   8.900
 209  20.350  29.400  11.300
 210  21.850  28.360  15.340
 211  22.070  31.240  12.900
 212  22.390  32.670  12.110
 213  21.825  33.440  10.210
 214  24.710  31.550  17.870
 215  23.625  31.880  15.370
 216  22.400  30.910  13.890
 217  19.085  27.220  10.950
 218  19.590  26.680  12.500
 219  16.800  23.110  10.490
 220  18.550  27.690   9.410
 221  19.835  27.180  12.490
 222  18.415  27.580   9.250
 223  15.397  24.320   6.474
 224  14.043  22.210   5.876
 225  13.901  23.950   3.852
 226  16.310  26.540   6.080
 227  18.355  25.410  11.300
 228  18.290  26.880   9.700
 229  16.757  26.710   6.803
 230  17.665  27.380   7.950
 231  17.370  26.620   8.120
 232  18.505  25.140  11.870
 233  15.979  25.890   6.068
 234  17.355  25.970   8.740
 235  13.735  19.100   8.370
 236  11.912  17.210   6.615
 237  12.406  18.870   5.942
 238  13.695  21.750   5.640
 239  13.516  21.190   5.841
 240   9.921  19.270   0.572
 241   7.927  15.620   0.234
 242   8.225  20.110  -3.661
 243  11.579  22.860   0.298
 244  15.318  25.730   4.905
 245  13.120  21.280   4.960
 246  10.139  18.800   1.478
 247   9.703  18.670   0.736
 248  11.942  22.540   1.343
 249  13.710  19.040   8.380
 250  12.180  20.840   3.520
 251  12.288  23.010   1.565
 252  14.040  22.750   5.331
 253  12.523  22.460   2.586
 254   7.616  13.950   1.282
 255   4.530  14.400  -5.340
 256   5.220  13.290  -2.850
 257   2.751  11.050  -5.548
 258   4.113  13.700  -5.473
 259   4.314  13.290  -4.662
 260   4.835  11.880  -2.209
 261   6.792  16.840  -3.256
 262   6.577  14.870  -1.715
 263   5.085  16.150  -5.980
 264   6.953  18.450  -4.544
 265  12.185  19.910   4.460
 266  11.807  18.750   4.864
 267   6.411  15.510  -2.689
 268   2.990  13.680  -7.700
 269   6.676  15.980  -2.627
 270  -2.828   4.055  -9.710
 271  -2.775   7.300 -12.850
 272   1.510  12.600  -9.580
 273   5.179  12.540  -2.183
 274  -2.114   2.793  -7.020
 275  -2.935   5.960 -11.830
 276   1.765  12.060  -8.530
 277   6.189  16.410  -4.032
 278   7.466  18.120  -3.188
 279   8.610  18.990  -1.770
 280   8.872  18.450  -0.706
 281   7.821  16.630  -0.988
 282   5.852  14.610  -2.906
 283   3.935  13.140  -5.270
 284   6.453  16.630  -3.724
 285   8.898  19.410  -1.614
 286   8.026  15.890   0.162
 287   4.629  13.190  -3.931
 288   7.023  16.430  -2.385
 289   7.596  18.550  -3.357
 290  11.958  19.660   4.257
 291   6.872  12.340   1.404
 292   2.977   7.940  -1.985
 293   4.452  10.450  -1.546
 294  11.070  17.780   4.360
 295   8.889  14.120   3.657
 296  10.573  16.990   4.156
 297  10.300  17.210   3.390
 298   5.188  10.470  -0.095
 299   4.866  11.820  -2.087
 300   3.453  11.850  -4.944
 301   3.973  12.000  -4.055
 302   1.724   7.210  -3.762
 303   4.129  10.180  -1.922
 304   1.239   8.020  -5.542
 305  -0.680   7.020  -8.380
 306  -7.931  -3.552 -12.310
 307  -9.155  -1.930 -16.380
 308  -7.529   1.802 -16.860
 309  -0.930   8.050  -9.910
 310  -1.395   8.210 -11.000
 311  -2.498   6.163 -11.160
 312  -0.770   7.670  -9.210
 313   1.845  11.050  -7.360
 314   1.895  11.150  -7.360
 315   4.066  12.670  -4.539
 316  -1.382   4.906  -7.670
 317  -5.676   3.347 -14.700
 318   0.725   6.924  -5.473
 319   0.810  10.050  -8.430
 320   1.745  11.220  -7.730
 321   2.430  12.190  -7.330
 322   3.267  13.460  -6.926
 323   7.559  18.170  -3.053
 324   7.499  15.330  -0.331
 325   7.598  17.110  -1.915
 326   1.460   7.530  -4.610
 327   1.425  12.370  -9.520
 328   3.905  14.060  -6.250
 329   2.263   8.860  -4.334
 330   0.105   8.820  -8.610
 331   0.405   9.450  -8.640
 332   0.180   9.440  -9.080
 333   2.050  11.960  -7.860
 334   4.190  15.440  -7.060
 335   5.379  15.500  -4.742
 336   6.056  16.010  -3.897
 337   4.130  10.180  -1.920
 338  -9.141  -1.852 -16.430
 339 -16.130 -10.000 -22.260
 340 -18.155  -9.690 -26.620
 341  -8.457   1.667 -18.580
 342  -1.195   8.240 -10.630
 343   0.260   6.433  -5.912
 344   0.460   9.420  -8.500
 345   3.702  13.900  -6.496
 346  -6.284   1.903 -14.470
 347  -4.652   4.756 -14.060
 348  -1.450   9.580 -12.480
 349   2.510  13.900  -8.880
 350   6.803  18.980  -5.374
 351  10.524  20.650   0.398
 352   9.914  20.780  -0.952
 353  10.316  22.920  -2.289
 354  11.919  19.410   4.428
 355   9.793  20.200  -0.614
 356  12.608  20.690   4.526
 357   8.121  13.630   2.611
 358   2.265  11.860  -7.330
 359   5.499  17.110  -6.113
 360   6.724  16.670  -3.223
 361   5.735  12.620  -1.149
 362   7.931  19.050  -3.188
 363  10.792  20.230   1.355
 364   4.091  11.440  -3.257
 365   4.174  14.930  -6.582
 366   6.715  19.140  -5.710
 367  10.695  23.880  -2.489
 368  13.373  22.690   4.055
 369   8.269  16.610  -0.073
 370   4.795  14.360  -4.769
 371  10.489  16.510   4.467
 372  12.960  19.540   6.379
 373   6.061  12.230  -0.108
 374   5.457  17.300  -6.386
 375  10.408  21.750  -0.933
 376  14.237  25.390   3.084
 377  15.245  24.410   6.079
 378  12.149  21.620   2.679
 379  10.611  22.430  -1.209
 380  12.455  22.540   2.369
 381  13.107  25.850   0.364
 382  15.056  26.020   4.092
 383  15.273  25.020   5.526
 384  17.100  25.790   8.410
 385  13.234  23.320   3.149
 386  15.530  23.460   7.600
 387   8.448  15.630   1.267
 388   6.488  18.800  -5.823
 389  12.520  22.430   2.610
 390  11.653  22.490   0.815
 391  11.786  20.780   2.791
 392  11.821  22.550   1.093
 393  13.509  24.550   2.469
 394  13.090  19.810   6.371
 395  12.061  22.260   1.861
 396  14.383  25.480   3.286
 397  17.226  28.350   6.101
 398  17.570  30.640   4.500
 399  16.738  26.590   6.886
 400   6.997  16.100  -2.106
 401  12.775  25.320   0.230
 402  17.735  24.630  10.840
 403  15.185  22.990   7.380
 404  16.545  22.560  10.530
 405  12.468  21.150   3.786
 406   7.081  13.630   0.532
 407   8.460  20.450  -3.530
 408  14.834  24.910   4.758
 409  15.816  25.180   6.451
 410  11.048  19.320   2.776
 411  10.777  21.280   0.274
 412  14.500  25.010   3.989
 413  16.993  28.750   5.235
 414  20.555  29.880  11.230
 415  19.405  27.240  11.570
 416  18.925  28.310   9.540
 417  20.215  28.940  11.490
 418  17.436  28.110   6.762
 419  17.285  24.240  10.330
 420  17.825  23.320  12.330
 421  14.993  23.420   6.567
 422  13.359  21.020   5.698
 423   9.192  19.210  -0.825
 424  11.936  25.350  -1.479
 425  18.770  29.490   8.050
 426  13.403  21.820   4.986
 427   5.862  11.300   0.423
 428   5.432  14.290  -3.425
 429  10.358  21.620  -0.905
 430  17.730  26.850   8.610
 431  16.605  27.910   5.300
 432  19.750  30.740   8.760
 433  19.930  31.420   8.440
 434  20.155  30.780   9.530
 435  19.335  27.470  11.200
 436  15.889  25.150   6.627
 437  11.921  20.320   3.522
 438  15.412  25.690   5.134
 439  17.163  27.810   6.515
 440  20.270  27.840  12.700
 441  18.700  28.100   9.300
 442  18.795  29.050   8.540
 443  16.690  25.250   8.130
 444  15.508  25.060   5.956
 445  12.843  19.790   5.895
 446  12.715  22.920   2.510
 447  17.220  26.090   8.350
 448  19.155  29.500   8.810
 449  19.635  28.780  10.490
 450  17.965  24.590  11.340
 451  17.308  27.920   6.696
 452  21.565  33.950   9.180
 453  24.780  34.940  14.620
 454  23.785  35.530  12.040
 455  23.260  33.230  13.290
 456  19.100  28.960   9.240
 457  17.837  30.270   5.403
 458  25.745  33.050  18.440
 459  27.435  33.850  21.020
 460  24.590  33.350  15.830
 461  25.960  34.550  17.370
 462  26.750  34.930  18.570
 463  26.845  34.480  19.210
 464  23.490  35.370  11.610
 465  23.360  34.660  12.060
 466  22.515  32.630  12.400
 467  22.260  33.090  11.430
 468  22.285  33.200  11.370
 469  23.540  34.880  12.200
 470  23.560  35.230  11.890
 471  24.195  33.670  14.720
 472  24.110  35.320  12.900
 473  26.085  36.260  15.910
 474  25.175  35.660  14.690
 475  24.830  35.460  14.200
 476  25.900  35.530  16.270
 477  20.430  30.880   9.980
 478  21.610  32.000  11.220
 479  24.510  35.420  13.600
 480  27.885  37.970  17.800
 481  27.785  38.500  17.070
 482  27.815  38.360  17.270
 483  27.800  38.360  17.240
 484  28.845  38.360  19.330
 485  28.560  37.520  19.600
 486  28.430  37.020  19.840
 487  27.640  36.520  18.760
 488  26.280  36.750  15.810
 489  29.015  36.750  21.280
 490  27.845  35.880  19.810
 491  26.150  36.090  16.210
 492  26.815  35.130  18.500
 493  27.670  36.450  18.890
 494  28.325  37.260  19.390
 495  28.215  37.250  19.180
 496  27.945  37.730  18.160
 497  26.945  37.020  16.870
 498  24.670  34.120  15.220
 499  23.675  33.180  14.170
 500  24.895  33.340  16.450
 501  26.490  33.840  19.140
 502  26.810  35.840  17.780
 503  29.690  37.560  21.820
 504  26.980  32.980  20.980
 505  28.460  36.510  20.410
 506  29.020  37.130  20.910
 507  27.145  36.710  17.580
 508  28.365  36.850  19.880
 509  28.225  35.500  20.950
 510  28.975  36.770  21.180
 511  26.150  34.290  18.010
 512  25.295  34.750  15.840
 513  26.465  35.090  17.840
 514  24.475  34.210  14.740
 515  27.140  35.900  18.380
 516  26.790  33.770  19.810
 517  25.235  32.120  18.350
 518  26.085  33.700  18.470
 519  24.675  32.980  16.370
 520  26.005  34.650  17.360
 521  26.585  34.390  18.780
 522  25.835  33.760  17.910
 523  26.920  34.520  19.320
 524  26.095  35.050  17.140
 525  27.690  36.680  18.700
 526  27.235  36.780  17.690
 527  27.140  37.490  16.790
 528  27.380  36.520  18.240
 529  27.640  34.230  21.050
 530  27.180  35.080  19.280
 531  26.710  35.170  18.250
 532  24.480  32.600  16.360
 533  26.335  33.300  19.370
 534  27.080  34.890  19.270
 535  26.510  34.290  18.730
 536  25.565  34.190  16.940
 537  25.375  32.770  17.980
 538  25.140  32.840  17.440
 539  25.265  32.550  17.980
 540  24.980  33.890  16.070
 541  26.550  35.890  17.210
 542  27.095  35.430  18.760
 543  25.975  35.400  16.550
 544  26.505  36.480  16.530
 545  28.950  36.720  21.180
 546  29.005  36.560  21.450
 547  27.930  36.290  19.570
 548  27.295  36.780  17.810
 549  28.065  37.290  18.840
