Rainfall time series in minute resolution				
"Year, Julian Day, hour, minute, rainfalln mm/min"
Last line should be -9999
2010	60	1	57	0.1
2010	66	14	27	0.1
2010	66	14	28	0.2
2010	66	20	9	0.1
2010	66	20	28	0.1
2010	66	22	32	0.1
2010	66	22	34	0.1
2010	66	22	35	0.1
2010	66	22	38	0.1
2010	66	22	39	0.1
2010	66	23	29	0.1
2010	66	23	58	0.1
2010	67	0	6	0.1
2010	67	0	8	0.1
2010	67	0	10	0.1
2010	67	0	15	0.1
2010	67	0	59	0.1
2010	67	1	30	0.1
2010	67	1	40	0.1
2010	67	1	44	0.1
2010	67	1	47	0.1
2010	67	1	49	0.1
2010	67	1	51	0.1
2010	67	1	55	0.1
2010	67	1	57	0.1
2010	67	2	0	0.1
2010	67	2	4	0.1
2010	67	2	7	0.1
2010	67	2	11	0.1
2010	67	2	14	0.1
2010	67	2	18	0.1
2010	67	2	22	0.1
2010	67	2	31	0.1
2010	69	8	1	0.1
2010	69	8	12	0.1
2010	69	8	21	0.1
2010	69	8	34	0.1
2010	74	8	5	0.1
2010	74	8	28	0.1
2010	74	8	37	0.1
2010	74	8	40	0.1
2010	74	8	43	0.1
2010	74	8	47	0.1
2010	74	8	50	0.1
2010	74	8	55	0.1
2010	74	9	0	0.1
2010	74	9	4	0.1
2010	74	9	9	0.1
2010	74	9	15	0.1
2010	74	9	28	0.1
2010	74	9	34	0.1
2010	74	9	39	0.1
2010	74	9	46	0.1
2010	74	11	45	0.1
2010	79	9	56	0.1
2010	79	9	58	0.1
2010	79	10	1	0.1
2010	79	10	4	0.1
2010	79	10	7	0.1
2010	79	10	12	0.1
2010	79	10	17	0.1
2010	79	10	22	0.1
2010	79	10	27	0.1
2010	79	10	32	0.1
2010	79	10	39	0.1
2010	79	10	44	0.1
2010	79	10	49	0.1
2010	79	10	52	0.1
2010	79	10	57	0.1
2010	79	11	1	0.1
2010	79	11	4	0.1
2010	79	11	8	0.1
2010	79	11	11	0.1
2010	79	11	19	0.1
2010	82	11	8	0.1
2010	82	11	10	0.1
2010	82	11	12	0.1
2010	82	11	14	0.1
2010	82	11	17	0.1
2010	82	11	19	0.1
2010	82	11	21	0.1
2010	82	11	23	0.1
2010	82	11	24	0.1
2010	82	11	25	0.1
2010	82	11	26	0.1
2010	82	11	27	0.1
2010	82	11	28	0.1
2010	82	11	29	0.1
2010	82	11	31	0.1
2010	82	11	33	0.1
2010	82	11	35	0.1
2010	82	11	37	0.1
2010	82	11	41	0.1
2010	82	11	44	0.1
2010	82	11	46	0.1
2010	82	11	48	0.1
2010	82	11	51	0.1
2010	82	11	57	0.1
2010	83	13	56	0.1
2010	83	13	59	0.1
2010	106	18	55	0.1
2010	106	19	23	0.1
2010	106	19	31	0.1
2010	106	19	34	0.1
2010	106	19	37	0.1
2010	106	19	41	0.1
2010	106	19	44	0.1
2010	106	19	47	0.1
2010	106	19	49	0.1
2010	106	19	51	0.1
2010	106	19	53	0.1
2010	106	19	54	0.1
2010	106	19	57	0.1
2010	106	19	58	0.1
2010	106	20	0	0.1
2010	106	20	2	0.1
2010	106	20	6	0.1
2010	106	20	15	0.1
2010	106	20	21	0.1
2010	106	20	26	0.1
2010	106	20	31	0.1
2010	106	20	35	0.1
2010	106	20	41	0.1
2010	106	20	52	0.1
2010	106	20	59	0.1
2010	106	21	4	0.1
2010	106	22	23	0.1
2010	106	22	32	0.1
2010	106	22	43	0.1
2010	106	22	49	0.1
2010	106	22	53	0.1
2010	106	22	57	0.1
2010	106	22	59	0.1
2010	106	23	2	0.1
2010	106	23	4	0.1
2010	106	23	7	0.1
2010	106	23	16	0.1
2010	106	23	30	0.1
2010	106	23	38	0.1
2010	106	23	44	0.1
2010	106	23	48	0.1
2010	106	23	51	0.1
2010	106	23	55	0.1
2010	106	23	59	0.1
2010	107	0	2	0.1
2010	107	0	4	0.1
2010	107	0	7	0.1
2010	107	0	9	0.1
2010	107	0	12	0.1
2010	107	0	14	0.1
2010	107	0	15	0.1
2010	107	0	18	0.1
2010	107	0	24	0.1
2010	107	0	26	0.1
2010	107	0	28	0.1
2010	107	0	30	0.1
2010	107	0	31	0.1
2010	107	0	33	0.1
2010	107	0	35	0.1
2010	107	0	37	0.1
2010	107	0	40	0.1
2010	107	0	41	0.1
2010	107	0	42	0.1
2010	107	0	44	0.1
2010	107	0	46	0.1
2010	107	0	48	0.1
2010	107	0	50	0.1
2010	107	0	52	0.1
2010	107	0	55	0.1
2010	107	0	57	0.1
2010	107	1	4	0.1
2010	107	1	23	0.1
2010	107	1	30	0.1
2010	107	1	53	0.1
2010	107	4	43	0.1
2010	107	4	53	0.1
2010	107	5	4	0.1
2010	107	5	14	0.1
2010	107	5	19	0.1
2010	107	5	22	0.1
2010	107	5	28	0.1
2010	107	5	38	0.1
2010	107	5	54	0.1
2010	107	6	5	0.1
2010	109	6	47	0.1
2010	109	7	0	0.1
2010	109	7	6	0.1
2010	112	2	28	0.1
2010	112	11	23	0.1
2010	112	11	27	0.1
2010	112	11	31	0.1
2010	112	11	33	0.1
2010	112	11	34	0.1
2010	112	11	37	0.1
2010	112	11	39	0.1
2010	112	11	40	0.1
2010	112	11	43	0.1
2010	112	11	45	0.1
2010	112	11	46	0.1
2010	112	11	48	0.1
2010	112	11	50	0.1
2010	112	11	53	0.1
2010	112	11	56	0.1
2010	112	11	58	0.1
2010	112	11	59	0.1
2010	112	12	0	0.1
2010	112	12	2	0.1
2010	112	12	3	0.1
2010	112	12	4	0.1
2010	112	12	5	0.1
2010	112	12	7	0.1
2010	112	12	9	0.1
2010	112	12	11	0.1
2010	112	12	16	0.1
2010	112	12	48	0.1
2010	112	12	56	0.1
2010	112	13	43	0.1
2010	112	14	47	0.1
2010	112	15	9	0.1
2010	112	15	11	0.1
2010	112	15	17	0.1
2010	112	15	18	0.1
2010	112	15	19	0.4
2010	112	15	20	0.4
2010	112	15	21	0.3
2010	112	15	22	0.1
2010	112	15	23	0.2
2010	112	15	24	0.3
2010	112	15	25	0.1
2010	112	15	26	0.2
2010	112	15	27	0.3
2010	112	15	28	0.3
2010	112	15	29	0.3
2010	112	15	30	0.2
2010	112	15	31	0.2
2010	112	15	32	0.3
2010	112	15	33	0.2
2010	112	15	34	0.2
2010	112	15	35	0.1
2010	112	15	36	0.1
2010	112	15	37	0.1
2010	112	15	39	0.1
2010	112	15	42	0.1
2010	112	15	43	0.1
2010	112	15	45	0.1
2010	112	15	46	0.1
2010	112	15	49	0.1
2010	112	15	50	0.1
2010	112	15	51	0.1
2010	112	15	53	0.1
2010	112	15	56	0.1
2010	112	15	59	0.1
2010	112	16	40	0.1
2010	112	16	42	0.1
2010	112	16	46	0.1
2010	112	16	50	0.1
2010	112	17	47	0.1
2010	112	17	53	0.1
2010	112	17	57	0.1
2010	112	18	10	0.1
2010	112	18	16	0.1
2010	112	18	18	0.1
2010	112	18	24	0.1
2010	112	18	34	0.1
2010	112	20	21	0.1
2010	123	1	13	0.1
2010	123	1	40	0.1
2010	123	1	43	0.1
2010	123	1	47	0.1
2010	123	1	51	0.1
2010	123	1	53	0.1
2010	123	1	56	0.1
2010	123	1	59	0.1
2010	123	2	8	0.1
2010	123	2	12	0.1
2010	123	2	18	0.1
2010	123	2	32	0.1
2010	123	5	2	0.1
2010	148	16	20	0.1
2010	148	16	22	0.1
2010	148	17	32	0.1
2010	148	17	50	0.1
2010	176	19	34	0.1
2010	176	19	35	0.2
2010	176	19	36	0.3
2010	176	19	37	0.2
2010	176	19	38	0.1
2010	176	19	39	0.1
2010	176	19	44	0.1
2010	176	19	59	0.1
2010	176	20	0	0.1
2010	176	20	6	0.1
2010	176	20	11	0.1
2010	176	20	12	0.1
2010	176	20	13	0.1
2010	176	20	14	0.1
2010	176	20	15	0.1
2010	176	20	16	0.2
2010	176	20	17	0.1
2010	176	20	18	0.2
2010	176	20	19	0.1
2010	176	20	20	0.2
2010	176	20	21	0.1
2010	176	20	22	0.2
2010	176	20	23	0.2
2010	176	20	24	0.2
2010	176	20	25	0.1
2010	176	20	26	0.1
2010	176	20	27	0.3
2010	176	20	28	0.2
2010	176	20	29	0.2
2010	176	20	30	0.1
2010	176	20	31	0.1
2010	176	20	32	0.1
2010	176	20	33	0.1
2010	176	20	34	0.1
2010	176	20	35	0.1
2010	176	20	37	0.1
2010	176	20	56	0.1
2010	176	21	7	0.1
2010	176	21	10	0.1
2010	176	21	13	0.1
2010	176	21	17	0.1
2010	176	21	34	0.1
2010	179	14	35	0.1
2010	179	16	29	0.1
2010	179	16	38	0.2
2010	179	16	39	0.3
2010	179	16	40	0.7
2010	179	16	41	0.4
2010	179	16	42	0.2
2010	179	16	43	0.1
2010	179	16	44	0.1
2010	179	16	46	0.1
2010	179	16	48	0.1
2010	179	16	52	0.1
2010	179	16	53	0.1
2010	179	16	54	0.2
2010	179	16	55	0.3
2010	179	16	56	0.3
2010	179	16	57	0.3
2010	179	16	58	0.1
2010	179	16	59	0.1
2010	179	17	0	0.1
2010	179	17	2	0.1
2010	179	17	4	0.1
2010	179	17	5	0.1
2010	179	17	9	0.1
2010	179	17	14	0.1
2010	179	17	19	0.1
2010	179	17	33	0.1
2010	179	17	38	0.1
2010	179	17	50	0.1
2010	179	17	52	0.1
2010	179	17	54	0.1
2010	179	17	55	0.1
2010	179	17	57	0.1
2010	179	17	58	0.1
2010	179	17	59	0.1
2010	179	18	0	0.1
2010	179	18	2	0.1
2010	179	18	3	0.1
2010	179	18	4	0.1
2010	179	18	5	0.1
2010	179	18	7	0.1
2010	179	18	8	0.1
2010	179	18	9	0.1
2010	179	18	11	0.1
2010	179	18	13	0.1
2010	179	18	14	0.1
2010	179	18	16	0.1
2010	179	18	18	0.1
2010	179	18	20	0.1
2010	179	18	22	0.1
2010	179	18	25	0.1
2010	179	18	26	0.1
2010	179	18	30	0.1
2010	179	18	33	0.1
2010	179	18	35	0.1
2010	179	18	37	0.1
2010	179	18	38	0.1
2010	179	18	40	0.1
2010	179	18	42	0.1
2010	179	18	45	0.1
2010	179	18	46	0.1
2010	179	18	48	0.1
2010	179	18	50	0.1
2010	179	18	51	0.1
2010	179	18	53	0.1
2010	179	18	55	0.1
2010	179	18	57	0.1
2010	179	18	58	0.1
2010	179	19	0	0.1
2010	179	19	1	0.1
2010	179	19	3	0.1
2010	179	19	5	0.1
2010	179	19	6	0.1
2010	179	19	7	0.1
2010	179	19	9	0.1
2010	179	19	11	0.1
2010	179	19	13	0.1
2010	179	19	15	0.1
2010	179	19	18	0.1
2010	179	19	20	0.1
2010	179	19	21	0.1
2010	179	19	23	0.1
2010	179	19	24	0.1
2010	179	19	25	0.1
2010	179	19	27	0.1
2010	179	19	28	0.1
2010	179	19	30	0.1
2010	179	19	32	0.1
2010	179	19	34	0.1
2010	179	19	35	0.1
2010	179	19	36	0.1
2010	179	19	37	0.1
2010	179	19	38	0.2
2010	179	19	39	0.1
2010	179	19	40	0.1
2010	179	19	41	0.1
2010	179	19	42	0.1
2010	179	19	44	0.1
2010	179	19	45	0.1
2010	179	19	46	0.1
2010	179	19	47	0.1
2010	179	19	48	0.1
2010	179	19	50	0.1
2010	179	19	51	0.1
2010	179	19	54	0.1
2010	179	19	57	0.1
2010	179	19	59	0.1
2010	179	20	1	0.1
2010	179	20	3	0.1
2010	179	20	4	0.1
2010	179	20	6	0.1
2010	179	20	7	0.1
2010	179	20	9	0.1
2010	179	20	10	0.1
2010	179	20	12	0.1
2010	179	20	14	0.1
2010	179	20	15	0.1
2010	179	20	17	0.1
2010	179	20	20	0.1
2010	179	20	24	0.1
2010	179	20	30	0.1
2010	184	14	43	0.1
2010	184	14	48	0.1
2010	184	14	52	0.1
2010	184	14	54	0.1
2010	184	14	57	0.1
2010	184	14	59	0.1
2010	184	15	2	0.1
2010	184	15	4	0.1
2010	184	21	56	0.1
2010	184	22	57	0.1
2010	184	22	58	0.2
2010	184	23	0	0.1
2010	184	23	2	0.1
2010	191	20	22	0.1
2010	191	20	23	0.1
2010	191	20	25	0.1
2010	192	15	21	0.1
2010	192	15	27	0.1
2010	192	15	28	0.1
2010	192	15	29	0.1
2010	192	15	30	0.1
2010	192	15	31	0.1
2010	192	15	32	0.1
2010	192	15	33	0.1
2010	192	15	35	0.1
2010	192	15	37	0.1
2010	192	15	41	0.1
2010	192	15	49	0.1
2010	192	16	19	0.1
2010	196	16	31	0.1
2010	196	16	33	0.1
2010	196	16	35	0.2
2010	196	16	38	0.1
2010	196	16	40	0.1
2010	196	16	41	0.2
2010	196	16	42	0.4
2010	196	16	43	0.6
2010	196	16	44	0.3
2010	196	16	45	0.2
2010	196	16	46	0.1
2010	196	16	47	0.1
2010	196	16	49	0.1
2010	196	17	11	0.1
2010	196	19	56	0.1
2010	196	20	0	0.1
2010	196	20	2	0.1
2010	196	20	8	0.1
2010	196	20	17	0.1
2010	196	20	26	0.1
2010	197	4	49	0.1
2010	200	17	31	0.2
2010	200	17	32	0.3
2010	200	17	33	0.1
2010	200	17	34	0.1
2010	200	17	35	0.1
2010	200	17	36	0.4
2010	200	17	37	0.4
2010	200	17	38	0.2
2010	200	17	39	0.2
2010	200	17	40	0.2
2010	200	17	41	0.1
2010	200	17	42	0.1
2010	200	17	43	0.1
2010	200	17	49	0.1
2010	200	17	51	0.1
2010	200	17	52	0.1
2010	200	17	53	0.1
2010	200	17	54	0.1
2010	200	17	55	0.1
2010	200	17	56	0.2
2010	200	17	57	0.2
2010	200	17	58	0.5
2010	200	17	59	0.7
2010	200	18	0	0.7
2010	200	18	1	0.8
2010	200	18	2	0.2
2010	200	18	4	0.1
2010	200	18	5	0.1
2010	200	18	8	0.1
2010	200	18	10	0.1
2010	200	18	13	0.1
2010	201	17	29	0.1
2010	201	17	30	0.1
2010	201	17	31	0.1
2010	201	17	33	0.1
2010	201	22	7	0.1
2010	201	22	9	0.1
2010	201	22	15	0.1
2010	201	22	22	0.1
2010	204	16	14	0.1
2010	204	16	18	0.1
2010	204	22	23	0.1
2010	204	22	28	0.1
2010	204	22	38	0.1
2010	204	22	44	0.1
2010	204	22	54	0.1
2010	205	0	6	0.1
2010	205	0	10	0.1
2010	205	0	13	0.1
2010	205	0	15	0.1
2010	205	0	17	0.1
2010	205	0	19	0.1
2010	205	0	22	0.1
2010	205	0	25	0.1
2010	205	0	34	0.1
2010	205	0	38	0.1
2010	205	0	54	0.1
2010	205	0	59	0.1
2010	205	1	4	0.1
2010	205	1	12	0.1
2010	205	1	20	0.1
2010	205	1	23	0.1
2010	205	1	26	0.1
2010	205	1	29	0.1
2010	205	1	33	0.1
2010	205	1	37	0.1
2010	205	1	44	0.1
2010	205	1	49	0.1
2010	205	2	3	0.1
2010	205	2	27	0.1
2010	205	2	45	0.1
2010	205	2	55	0.1
2010	205	3	19	0.1
2010	205	3	24	0.1
2010	205	3	29	0.1
2010	205	3	35	0.1
2010	205	15	57	0.1
2010	205	15	58	0.1
2010	205	16	2	0.1
2010	205	16	4	0.1
2010	205	16	17	0.1
2010	205	16	34	0.1
2010	205	16	48	0.1
2010	205	17	4	0.1
2010	205	17	9	0.1
2010	205	17	14	0.1
2010	205	17	18	0.1
2010	205	17	22	0.1
2010	205	17	30	0.1
2010	206	9	41	0.1
2010	206	9	57	0.1
2010	206	9	59	0.1
2010	206	10	3	0.1
2010	206	10	8	0.1
2010	206	10	32	0.1
2010	206	12	27	0.3
2010	206	12	28	0.3
2010	206	12	29	0.3
2010	206	12	30	0.9
2010	206	12	31	0.9
2010	206	12	32	0.9
2010	206	12	33	0.7
2010	206	12	34	0.6
2010	206	12	35	0.8
2010	206	12	36	0.7
2010	206	12	37	0.5
2010	206	12	38	0.5
2010	206	12	39	0.5
2010	206	12	40	0.4
2010	206	12	41	0.3
2010	206	12	42	0.1
2010	206	12	43	0.1
2010	206	12	44	0.1
2010	206	12	45	0.2
2010	206	12	46	0.3
2010	206	12	47	0.3
2010	206	12	48	0.2
2010	206	12	49	0.1
2010	206	12	50	0.1
2010	206	12	51	0.1
2010	206	12	52	0.1
2010	206	12	59	0.1
2010	206	13	15	0.1
2010	206	13	22	0.1
2010	206	13	34	0.1
2010	206	18	1	0.5
2010	206	18	2	0.6
2010	206	18	3	0.5
2010	206	18	4	0.6
2010	206	18	5	0.6
2010	206	18	6	0.5
2010	206	18	7	0.5
2010	206	18	8	0.4
2010	206	18	9	0.3
2010	206	18	10	0.2
2010	206	18	11	0.4
2010	206	18	12	0.3
2010	206	18	13	0.2
2010	206	18	14	0.2
2010	206	18	15	0.3
2010	206	18	16	0.2
2010	206	18	17	0.3
2010	206	18	18	0.2
2010	206	18	19	0.1
2010	206	18	22	0.1
2010	206	18	41	0.1
2010	206	18	42	0.1
2010	206	18	43	0.1
2010	206	18	44	0.2
2010	206	18	45	0.1
2010	206	18	46	0.1
2010	206	18	47	0.1
2010	206	18	48	0.1
2010	206	18	49	0.1
2010	206	18	50	0.1
2010	206	18	51	0.1
2010	206	18	53	0.2
2010	206	18	54	0.1
2010	206	18	55	0.1
2010	206	18	56	0.1
2010	206	18	57	0.1
2010	206	18	58	0.1
2010	206	18	59	0.1
2010	206	19	0	0.1
2010	206	19	1	0.1
2010	206	19	3	0.1
2010	206	19	10	0.1
2010	206	19	18	0.1
2010	206	19	20	0.1
2010	206	19	23	0.1
2010	206	19	25	0.1
2010	206	19	27	0.1
2010	206	19	29	0.1
2010	206	19	31	0.1
2010	206	19	33	0.1
2010	206	19	35	0.1
2010	206	19	38	0.1
2010	206	19	43	0.1
2010	206	19	47	0.1
2010	206	19	50	0.1
2010	206	19	52	0.1
2010	206	19	56	0.1
2010	206	19	59	0.1
2010	206	20	2	0.1
2010	206	20	5	0.1
2010	206	20	8	0.1
2010	206	20	11	0.1
2010	206	20	13	0.1
2010	206	20	16	0.1
2010	206	20	20	0.1
2010	206	20	23	0.1
2010	206	20	28	0.1
2010	206	20	33	0.1
2010	206	20	40	0.1
2010	206	21	25	0.1
2010	206	23	11	0.2
2010	206	23	12	0.3
2010	206	23	13	0.2
2010	206	23	14	0.1
2010	206	23	56	0.1
2010	207	0	1	0.1
2010	207	0	10	0.1
2010	207	0	13	0.1
2010	207	0	15	0.1
2010	207	0	17	0.1
2010	207	0	19	0.1
2010	207	0	21	0.1
2010	207	0	24	0.1
2010	207	0	28	0.1
2010	207	0	31	0.1
2010	207	0	37	0.1
2010	207	0	43	0.1
2010	207	0	50	0.1
2010	207	1	8	0.1
2010	207	1	14	0.1
2010	207	1	26	0.1
2010	207	3	16	0.1
2010	207	4	3	0.1
2010	207	4	4	0.1
2010	207	4	8	0.1
2010	207	4	18	0.1
2010	210	12	46	0.1
2010	212	20	15	0.1
2010	212	20	31	0.3
2010	212	20	32	0.3
2010	212	20	33	0.3
2010	212	20	34	0.2
2010	212	20	35	0.1
2010	212	20	39	0.1
2010	212	20	41	0.1
2010	213	14	37	0.3
2010	213	14	38	0.5
2010	213	14	39	0.2
2010	213	14	41	0.1
2010	213	14	43	0.1
2010	213	14	46	0.1
2010	213	14	47	0.1
2010	213	14	48	0.1
2010	213	14	49	0.2
2010	213	14	50	0.1
2010	213	14	51	0.1
2010	213	14	52	0.1
2010	213	14	53	0.2
2010	213	14	54	0.3
2010	213	14	55	0.1
2010	213	14	56	0.1
2010	213	14	59	0.1
2010	213	17	46	0.6
2010	213	17	47	1.4
2010	213	17	48	1.1
2010	213	17	49	0.1
2010	213	17	50	0.1
2010	225	1	23	0.1
2010	225	1	24	0.4
2010	225	1	25	0.4
2010	225	1	27	0.1
2010	225	1	28	0.1
2010	225	1	29	0.1
2010	225	1	31	0.1
2010	227	21	15	0.1
2010	227	21	21	0.1
2010	227	21	26	0.1
2010	227	21	48	0.1
2010	227	21	55	0.1
2010	227	22	1	0.1
2010	227	22	6	0.1
2010	227	22	10	0.1
2010	227	22	29	0.1
2010	227	22	55	0.1
2010	227	22	59	0.1
2010	227	23	4	0.1
2010	227	23	11	0.1
2010	227	23	30	0.1
2010	227	23	57	0.1
2010	228	0	16	0.1
2010	228	0	25	0.1
2010	228	0	27	0.1
2010	228	0	30	0.1
2010	228	0	33	0.1
2010	228	0	37	0.1
2010	228	0	39	0.1
2010	228	0	42	0.1
2010	228	0	45	0.1
2010	228	0	48	0.1
2010	228	0	51	0.1
2010	228	0	56	0.1
2010	228	1	0	0.1
2010	228	1	3	0.1
2010	228	1	5	0.1
2010	228	1	7	0.1
2010	228	1	10	0.1
2010	228	1	13	0.1
2010	228	1	15	0.1
2010	228	1	16	0.1
2010	228	1	18	0.1
2010	228	1	20	0.1
2010	228	1	22	0.1
2010	228	1	24	0.1
2010	228	1	25	0.1
2010	228	1	27	0.1
2010	228	1	29	0.1
2010	228	1	31	0.1
2010	228	1	34	0.1
2010	228	1	36	0.1
2010	228	1	39	0.1
2010	228	1	41	0.1
2010	228	1	43	0.1
2010	228	1	46	0.1
2010	228	1	48	0.1
2010	228	1	50	0.1
2010	228	1	52	0.1
2010	228	1	55	0.1
2010	228	1	58	0.1
2010	228	2	2	0.1
2010	228	2	10	0.1
2010	228	2	39	0.1
2010	230	14	51	0.3
2010	230	14	52	0.2
2010	230	14	53	0.3
2010	230	14	54	0.2
2010	230	14	55	0.2
2010	230	14	56	0.1
2010	230	14	57	0.1
2010	230	14	59	0.1
2010	230	15	15	0.1
2010	230	15	26	0.1
2010	230	15	27	0.1
2010	230	15	28	0.1
2010	230	15	29	0.2
2010	230	15	31	0.1
2010	230	15	32	0.3
2010	230	15	33	0.2
2010	230	15	34	0.1
2010	230	15	36	0.1
2010	230	15	42	0.1
2010	251	14	36	0.1
2010	251	14	39	0.1
2010	251	14	41	0.1
2010	251	14	43	0.1
2010	251	14	49	0.1
2010	263	16	1	0.1
2010	263	16	5	0.1
2010	263	16	12	0.1
2010	263	16	15	0.1
2010	263	16	18	0.1
2010	263	16	20	0.1
2010	263	16	23	0.1
2010	263	16	25	0.1
2010	263	16	27	0.1
2010	263	16	29	0.1
2010	263	16	31	0.1
2010	263	16	33	0.1
2010	263	16	34	0.1
2010	263	16	36	0.1
2010	263	16	38	0.1
2010	263	16	39	0.1
2010	263	16	41	0.1
2010	263	16	42	0.1
2010	263	16	44	0.1
2010	263	16	46	0.2
2010	263	16	50	0.1
2010	263	16	56	0.1
2010	265	10	34	0.1
2010	265	10	55	0.1
2010	265	11	0	0.1
2010	265	11	2	0.1
2010	265	11	3	0.1
2010	265	11	5	0.1
2010	265	11	8	0.1
2010	265	11	13	0.1
2010	265	11	14	0.1
2010	265	11	16	0.1
2010	265	11	17	0.1
2010	265	11	30	0.2
2010	265	11	33	0.1
2010	265	11	34	0.1
2010	265	11	40	0.1
2010	265	11	42	0.1
2010	265	11	44	0.1
2010	265	12	0	0.1
2010	265	12	1	0.4
2010	265	12	2	0.3
2010	265	12	3	0.1
2010	265	12	4	0.1
2010	265	12	10	0.1
2010	265	12	11	0.1
2010	265	12	14	0.2
2010	265	12	15	0.3
2010	265	12	16	0.3
2010	265	12	17	0.2
2010	265	12	24	0.1
2010	265	12	28	0.1
2010	265	12	56	0.1
2010	265	13	13	0.1
2010	265	13	16	0.1
2010	265	13	17	0.2
2010	265	13	18	0.1
2010	265	13	19	0.1
2010	265	13	21	0.1
2010	265	13	22	0.1
2010	265	13	23	0.1
2010	265	13	24	0.1
2010	265	13	25	0.2
2010	265	13	26	0.3
2010	265	13	27	0.4
2010	265	13	28	0.3
2010	265	13	29	0.3
2010	265	13	30	0.4
2010	265	13	31	0.4
2010	265	13	32	0.2
2010	265	13	33	0.4
2010	265	13	34	0.1
2010	265	13	35	0.1
2010	265	13	37	0.1
2010	265	13	39	0.1
2010	265	13	43	0.1
2010	265	13	46	0.1
2010	265	18	50	0.1
2010	265	18	54	0.1
2010	265	18	56	0.1
2010	265	19	0	0.1
2010	265	19	5	0.1
2010	265	19	16	0.1
2010	265	19	23	0.1
2010	265	19	29	0.1
2010	265	19	35	0.1
2010	265	19	39	0.1
2010	265	19	42	0.1
2010	265	19	49	0.1
2010	265	20	20	0.1
2010	265	21	36	0.1
2010	265	21	38	0.1
2010	265	21	39	0.2
2010	265	21	40	0.1
2010	265	21	41	0.2
2010	265	21	42	0.3
2010	265	21	43	0.3
2010	265	21	44	0.4
2010	265	21	45	0.2
2010	265	21	46	0.1
2010	265	21	47	0.1
2010	265	21	48	0.1
2010	265	21	49	0.2
2010	265	21	50	0.1
2010	265	21	51	0.1
2010	265	21	54	0.1
2010	265	21	57	0.1
2010	265	22	4	0.1
2010	265	22	27	0.1
2010	265	23	1	0.1
2010	265	23	5	0.1
2010	265	23	16	0.1
2010	265	23	24	0.1
2010	265	23	36	0.1
2010	265	23	39	0.1
2010	265	23	50	0.1
2010	265	23	58	0.1
2010	266	0	9	0.1
2010	266	0	11	0.1
2010	266	0	13	0.1
2010	266	0	16	0.1
2010	266	0	27	0.1
2010	266	0	30	0.1
2010	266	0	31	0.2
2010	266	0	32	0.1
2010	266	0	33	0.2
2010	266	0	34	0.2
2010	266	0	35	0.2
2010	266	0	36	0.3
2010	266	0	37	0.3
2010	266	0	38	0.3
2010	266	0	39	0.2
2010	266	0	41	0.1
2010	266	0	42	0.1
2010	266	0	45	0.1
2010	266	0	48	0.1
2010	266	0	51	0.1
2010	266	0	54	0.1
2010	266	0	56	0.1
2010	266	0	57	0.1
2010	266	0	58	0.1
2010	266	1	0	0.1
2010	266	1	3	0.1
2010	266	1	4	0.1
2010	266	1	7	0.1
2010	266	1	9	0.1
2010	266	1	12	0.1
2010	266	2	4	0.1
2010	266	3	25	0.1
2010	266	3	35	0.1
2010	276	16	5	0.1
2010	276	16	49	0.1
2010	277	15	34	0.2
2010	277	15	36	0.1
2010	277	22	55	0.1
2010	277	23	13	0.1
2010	278	13	6	0.1
2010	278	13	14	0.1
2010	278	13	17	0.1
2010	278	13	22	0.1
2010	293	18	4	0.1
2010	293	18	5	0.2
2010	293	18	6	0.4
2010	293	18	7	0.4
2010	293	18	8	0.4
2010	293	18	9	0.3
2010	293	18	10	1.2
2010	293	18	11	0.7
2010	293	18	12	0.7
2010	293	18	13	0.3
2010	293	19	15	0.1
2010	293	19	16	0.6
2010	293	19	17	1.1
2010	293	19	18	1.2
2010	293	19	19	0.2
2010	293	19	20	0.1
2010	293	19	22	0.1
2010	293	19	23	0.1
2010	293	19	25	0.1
2010	293	19	27	0.1
2010	293	19	44	0.1
2010	293	19	45	0.2
2010	293	19	46	0.2
2010	293	19	47	0.2
2010	293	19	48	0.1
2010	293	19	49	0.1
2010	293	19	50	0.1
2010	293	20	13	0.1
2010	293	20	14	0.1
2010	293	20	15	0.1
2010	293	20	16	0.1
2010	293	20	44	0.1
2010	293	21	14	0.1
2010	293	21	17	0.1
2010	293	22	40	0.1
2010	293	22	41	0.2
2010	293	22	42	0.3
2010	293	22	43	0.3
2010	293	22	44	0.5
2010	293	22	45	0.3
2010	293	22	46	0.3
2010	293	22	47	0.3
2010	293	22	48	0.1
2010	293	22	49	0.1
2010	294	0	30	0.1
2010	294	0	32	0.1
2010	294	0	33	0.1
2010	294	0	34	0.2
2010	294	0	35	0.4
2010	294	0	36	0.9
2010	294	0	37	0.6
2010	294	0	38	1.6
2010	294	0	39	1.3
2010	294	0	40	1.4
2010	294	0	41	0.5
2010	294	0	42	0.2
2010	294	0	44	0.1
2010	294	1	59	0.1
2010	294	2	0	0.1
2010	294	2	1	0.2
2010	294	2	2	0.2
2010	294	2	3	0.3
2010	294	2	4	0.1
2010	294	2	5	0.1
2010	294	2	8	0.1
2010	350	9	20	0.1
2010	350	20	39	0.1
2010	350	20	47	0.1
2010	350	20	53	0.1
2010	350	20	59	0.1
2010	350	21	5	0.1
2010	350	21	12	0.1
2010	350	21	20	0.1
2010	350	21	27	0.1
2010	350	21	34	0.1
2010	350	21	40	0.1
2010	350	21	47	0.1
2010	350	22	5	0.1
2010	350	22	30	0.1
2010	350	22	40	0.1
2010	350	22	44	0.1
2010	350	22	50	0.1
2010	350	23	1	0.1
2010	350	23	50	0.1
2010	350	23	55	0.1
2010	350	23	59	0.1
2010	351	0	6	0.1
2010	351	0	43	0.1
2010	351	12	9	0.1
2010	357	11	15	0.1
2010	357	11	20	0.1
2010	357	11	24	0.1
2010	357	11	30	0.1
2010	357	11	44	0.1
2010	357	12	5	0.1
2010	359	8	19	0.1
2010	364	11	42	0.1
2010	364	11	43	0.1
2010	364	11	45	0.1
2010	364	11	47	0.1
2010	364	11	48	0.1
2010	364	11	49	0.1
2010	364	11	51	0.1
2010	364	11	52	0.1
2010	364	11	53	0.1
2010	364	11	56	0.1
2010	364	12	0	0.1
2010	364	12	18	0.1
2011	31	16	6	0.1
2011	31	17	14	0.1
2011	35	11	33	0.1
2011	35	11	49	0.1
2011	35	11	59	0.1
2011	35	12	10	0.1
2011	35	12	54	0.1
2011	35	13	4	0.1
2011	35	13	13	0.1
2011	35	13	25	0.1
2011	35	13	41	0.1
2011	67	7	4	0.1
2011	67	7	14	0.1
2011	67	7	19	0.1
2011	67	7	26	0.1
2011	67	7	40	0.1
2011	67	7	46	0.1
2011	67	7	53	0.1
2011	96	20	44	0.1
2011	96	20	58	0.1
2011	96	21	1	0.1
2011	96	21	6	0.1
2011	96	21	13	0.1
2011	96	21	22	0.1
2011	96	21	34	0.1
2011	96	23	22	0.1
2011	182	11	32	0.1
2011	184	16	54	0.1
2011	184	16	55	0.1
2011	184	16	56	0.1
2011	184	16	57	0.1
2011	184	16	59	0.1
2011	184	17	0	0.1
2011	184	17	2	0.1
2011	184	18	29	0.1
2011	184	18	30	0.1
2011	184	18	31	0.1
2011	184	18	32	0.1
2011	184	18	33	0.1
2011	184	18	35	0.1
2011	190	17	57	0.3
2011	190	17	58	0.2
2011	190	17	59	0.2
2011	190	18	0	0.3
2011	190	18	1	0.2
2011	190	18	2	0.1
2011	190	18	3	0.1
2011	190	18	5	0.1
2011	190	18	6	0.1
2011	190	18	7	0.2
2011	190	18	8	0.1
2011	190	18	9	0.1
2011	190	18	10	0.1
2011	190	18	11	0.1
2011	190	18	13	0.1
2011	190	18	32	0.1
2011	190	18	33	0.1
2011	190	18	46	0.1
2011	190	18	47	0.1
2011	192	13	46	0.2
2011	192	13	47	0.1
2011	192	13	48	0.1
2011	192	13	51	0.1
2011	192	13	54	0.1
2011	193	20	41	0.1
2011	193	20	42	0.1
2011	193	20	43	0.1
2011	193	20	45	0.1
2011	193	20	50	0.2
2011	193	20	51	0.8
2011	193	20	52	0.7
2011	193	20	53	1
2011	193	20	54	1.3
2011	193	20	55	0.4
2011	193	20	56	0.1
2011	193	20	58	0.1
2011	193	21	10	0.1
2011	197	16	15	0.1
2011	197	16	16	0.2
2011	197	16	17	0.2
2011	197	16	18	0.2
2011	197	16	19	0.3
2011	197	16	20	0.1
2011	197	16	23	0.1
2011	197	16	25	0.1
2011	203	14	43	0.1
2011	203	14	44	0.1
2011	203	14	45	0.5
2011	203	14	46	0.3
2011	203	14	47	0.2
2011	203	14	48	0.4
2011	203	14	49	0.1
2011	203	14	52	0.1
2011	203	14	56	0.1
2011	205	23	40	0.1
2011	206	16	55	0.1
2011	206	17	19	0.1
2011	206	17	23	0.1
2011	206	22	12	0.1
2011	207	17	14	0.1
2011	207	17	15	0.1
2011	207	17	17	0.1
2011	207	17	18	0.1
2011	207	17	19	0.1
2011	207	17	21	0.1
2011	207	17	23	0.1
2011	207	20	19	0.1
2011	207	20	22	0.1
2011	210	15	36	0.1
2011	210	15	37	0.5
2011	210	15	38	0.2
2011	210	15	39	0.3
2011	210	15	40	0.2
2011	210	15	41	0.2
2011	210	15	42	0.2
2011	210	15	43	0.3
2011	210	15	44	0.1
2011	210	15	48	0.1
2011	210	15	56	0.1
2011	210	15	59	0.1
2011	210	16	0	0.2
2011	210	16	1	0.2
2011	210	16	2	0.2
2011	210	16	3	0.2
2011	210	16	4	0.1
2011	210	16	5	0.1
2011	210	16	6	0.2
2011	210	16	7	0.1
2011	210	16	8	0.1
2011	210	16	10	0.1
2011	210	16	14	0.1
2011	211	13	31	0.1
2011	211	13	32	0.2
2011	211	13	33	0.1
2011	211	13	34	0.4
2011	211	13	35	0.3
2011	211	13	36	0.1
2011	211	13	48	0.1
2011	212	15	6	0.1
2011	212	15	7	0.3
2011	212	15	8	0.3
2011	212	15	9	0.3
2011	212	15	10	0.2
2011	212	15	11	0.5
2011	212	15	12	0.5
2011	212	15	13	0.2
2011	212	15	14	0.1
2011	212	15	15	0.1
2011	212	15	16	0.2
2011	212	15	17	0.1
2011	212	15	18	0.1
2011	212	15	21	0.1
2011	212	15	23	0.1
2011	212	15	29	0.1
2011	212	15	39	0.1
2011	212	15	42	0.1
2011	212	15	44	0.1
2011	212	15	45	0.1
2011	212	15	46	0.1
2011	212	15	47	0.1
2011	212	15	48	0.2
2011	212	15	49	0.3
2011	212	15	50	0.4
2011	212	15	51	0.2
2011	212	15	52	0.4
2011	212	15	53	0.7
2011	212	15	54	0.8
2011	212	15	55	0.4
2011	212	15	56	0.3
2011	212	15	57	0.3
2011	212	15	58	0.2
2011	212	15	59	0.1
2011	212	16	0	0.2
2011	212	16	1	0.2
2011	212	16	2	0.3
2011	212	16	3	0.3
2011	212	16	4	0.2
2011	212	16	5	0.2
2011	212	16	6	0.3
2011	212	16	7	0.3
2011	212	16	8	0.6
2011	212	16	9	0.7
2011	212	16	10	0.9
2011	212	16	11	1
2011	212	16	12	0.8
2011	212	16	13	0.7
2011	212	16	14	0.6
2011	212	16	15	0.4
2011	212	16	16	0.3
2011	212	16	17	0.3
2011	212	16	18	0.3
2011	212	16	19	0.2
2011	212	16	20	0.2
2011	212	16	21	0.2
2011	212	16	22	0.2
2011	212	16	23	0.1
2011	212	16	24	0.1
2011	212	16	25	0.1
2011	212	16	26	0.1
2011	212	16	27	0.1
2011	212	16	28	0.1
2011	212	16	29	0.1
2011	212	16	31	0.1
2011	212	16	32	0.1
2011	212	16	33	0.1
2011	212	16	34	0.1
2011	212	16	36	0.1
2011	212	16	37	0.1
2011	212	16	40	0.1
2011	212	16	42	0.1
2011	212	16	45	0.1
2011	212	19	41	0.1
2011	212	20	57	0.1
2011	215	15	17	0.1
2011	215	15	19	0.1
2011	215	15	21	0.1
2011	215	15	26	0.1
2011	215	15	29	0.1
2011	215	15	32	0.1
2011	215	15	36	0.1
2011	215	16	38	0.1
2011	215	16	39	0.2
2011	215	16	40	0.4
2011	215	16	41	0.3
2011	215	16	42	0.2
2011	215	16	43	0.1
2011	215	16	44	0.1
2011	215	16	45	0.1
2011	215	16	48	0.1
2011	215	16	59	0.1
2011	215	17	32	0.1
2011	224	17	45	0.1
2011	224	17	46	0.1
2011	224	17	47	0.2
2011	224	17	48	0.4
2011	224	17	49	0.3
2011	224	17	51	0.1
2011	224	17	52	0.1
2011	224	17	53	0.1
2011	224	17	55	0.1
2011	224	18	0	0.1
2011	224	18	2	0.2
2011	224	18	3	0.2
2011	224	18	5	0.1
2011	229	17	1	0.1
2011	230	1	30	0.1
2011	230	1	55	0.1
2011	230	23	20	0.1
2011	230	23	38	0.1
2011	230	23	49	0.1
2011	231	0	9	0.1
2011	231	0	12	0.1
2011	231	0	13	0.3
2011	231	0	14	0.2
2011	231	0	15	0.2
2011	231	0	16	0.2
2011	231	0	17	0.2
2011	231	0	18	0.2
2011	231	0	20	0.1
2011	231	0	25	0.1
2011	232	16	26	0.1
2011	232	16	27	0.2
2011	232	16	28	0.2
2011	232	16	29	0.2
2011	232	16	30	0.1
2011	232	16	31	0.1
2011	232	16	32	0.1
2011	232	16	34	0.1
2011	232	16	35	0.1
2011	232	16	48	0.1
2011	232	20	46	0.1
2011	232	20	47	0.1
2011	232	20	48	0.1
2011	232	20	49	0.1
2011	233	1	54	0.1
2011	233	1	58	0.1
2011	233	2	0	0.2
2011	233	2	1	0.4
2011	233	2	2	0.2
2011	233	2	3	0.2
2011	233	2	4	0.1
2011	233	2	5	0.1
2011	233	2	7	0.1
2011	233	2	9	0.1
2011	233	2	10	0.1
2011	233	2	11	0.1
2011	233	2	12	0.1
2011	233	2	13	0.1
2011	233	2	16	0.1
2011	233	2	20	0.1
2011	233	2	22	0.1
2011	233	2	25	0.1
2011	233	2	30	0.1
2011	233	14	15	0.1
2011	233	14	16	0.1
2011	233	17	44	0.1
2011	236	13	32	0.1
2011	236	13	34	0.1
2011	236	20	7	0.1
2011	236	20	8	0.2
2011	236	20	9	0.1
2011	236	20	10	0.1
2011	236	20	11	0.1
2011	236	20	13	0.2
2011	236	20	14	0.4
2011	236	20	15	0.2
2011	236	20	16	0.1
2011	236	20	17	0.2
2011	236	20	19	0.1
2011	236	20	21	0.3
2011	236	20	22	0.3
2011	236	20	23	0.2
2011	236	20	24	0.6
2011	236	20	25	0.5
2011	236	20	26	0.3
2011	236	20	27	0.2
2011	236	20	28	0.1
2011	236	20	29	0.1
2011	236	20	30	0.1
2011	236	20	31	0.3
2011	236	20	32	0.2
2011	236	20	36	0.1
2011	236	20	38	0.1
2011	236	20	42	0.1
2011	236	20	46	0.1
2011	236	20	54	0.1
2011	236	20	58	0.1
2011	236	21	2	0.1
2011	236	21	17	0.1
2011	244	15	28	0.1
2011	244	15	29	0.3
2011	244	15	30	0.2
2011	244	15	31	0.1
2011	244	15	32	0.1
2011	244	16	0	0.1
2011	244	16	2	0.1
2011	244	16	3	0.1
2011	244	16	4	0.1
2011	244	16	5	0.1
2011	244	16	7	0.1
2011	244	16	12	0.1
2011	246	16	48	0.1
2011	246	16	50	0.1
2011	246	16	51	0.1
2011	246	16	53	0.1
2011	246	16	55	0.1
2011	246	16	58	0.2
2011	246	16	59	0.3
2011	246	17	0	0.3
2011	246	17	1	0.2
2011	246	17	2	0.3
2011	246	17	3	0.2
2011	246	17	4	0.2
2011	246	17	5	0.3
2011	246	17	6	0.4
2011	246	17	7	0.2
2011	246	17	8	0.2
2011	246	17	9	0.1
2011	246	17	10	0.2
2011	246	17	11	0.1
2011	246	17	12	0.1
2011	246	17	13	0.2
2011	246	17	14	0.1
2011	246	17	16	0.1
2011	246	17	19	0.1
2011	246	17	23	0.1
2011	246	21	16	0.1
2011	246	21	31	0.1
2011	249	16	2	0.1
2011	249	16	4	0.1
2011	249	16	6	0.1
2011	249	16	7	0.1
2011	249	16	9	0.1
2011	249	16	11	0.1
2011	249	16	13	0.1
2011	249	16	14	0.1
2011	249	16	15	0.1
2011	249	16	17	0.1
2011	249	16	18	0.1
2011	249	16	19	0.1
2011	249	16	22	0.1
2011	249	16	24	0.1
2011	249	16	33	0.1
2011	249	16	37	0.1
2011	249	16	40	0.1
2011	249	16	47	0.1
2011	249	16	50	0.1
2011	250	15	53	0.1
2011	250	15	54	0.7
2011	250	15	55	0.8
2011	250	15	56	0.5
2011	250	15	57	0.6
2011	250	15	58	0.4
2011	250	15	59	0.5
2011	250	16	0	0.3
2011	250	16	1	0.3
2011	250	16	2	0.4
2011	250	16	3	0.4
2011	250	16	4	0.4
2011	250	16	5	0.5
2011	250	16	6	0.5
2011	250	16	7	0.6
2011	250	16	8	0.6
2011	250	16	9	0.4
2011	250	16	10	0.3
2011	250	16	11	0.2
2011	250	16	12	0.1
2011	250	16	13	0.2
2011	250	16	17	0.1
2011	253	17	57	0.1
-9999	-9999	-9999	-9999	-9999
